2000000 2000000 50
442827 1372901
907086 944878
453989 1025525
635617 1206407
699573 1010307
566307 921051
565529 699023
577910 912690
566537 1292077
633441 854349
331146 1266854
716462 1128556
444937 1122159
206703 1147379
899239 935465
406915 1225985
613956 640680
672872 914598
394815 953433
88129 1024775
542171 929955
610065 1129347
570776 801784
633990 991842
480952 569366
297238 1100918
233690 804898
709510 725188
436853 1380391
410888 986898
623341 1143123
419247 594771
276827 961403
361152 1199370
553326 667074
460831 628721
426148 923262
255649 979555
421697 942003
857737 995473
310767 813581
358206 805176
90203 985191
381946 991262
478753 605069
429732 1113484
822865 990755
322750 789126
97732 912552
438470 642496
