2000000000 2000000000 1000
832956145 1057021507
607426728 1371956778
233541140 1169072742
574679493 1373426911
658723261 964943217
704505112 1274878394
469467436 718214930
349546570 1161598966
552879684 654291454
380292489 814397577
578339273 642207129
529162534 1337522206
349320443 1107224655
615001630 1257128406
549166457 951132007
533448304 1445935202
543307416 1010628544
442182183 1351913073
152142975 1026122103
439058655 902998263
513135769 1102688903
757822540 1152079228
408234128 677433028
552246463 1313692321
386767074 988691930
517633882 577243260
616209791 1063787695
557836815 952661327
306486984 919534746
316889484 1232782972
589027500 1390356006
284787024 735209850
788968000 1196388384
323958948 876416006
310317374 995541634
143703247 1077975193
526883122 1316243986
192724549 1100662253
665567386 1012549154
510872035 991811051
508192116 947553556
512560681 936199605
580144191 1399239315
687427765 1306518119
510121403 1173506105
881774331 1097609175
478272866 559810754
472105638 565929762
267065513 781005399
717796818 1261586688
559816376 1111153914
505883705 688071569
508674388 1121913592
636052554 1343330952
744852816 1219689754
824257975 1155125531
582967941 1337265389
538493809 1440889697
471544154 824892258
308634365 1279542017
470049584 973015282
841997820 1083916606
290711748 1239297310
300297638 996495712
553768363 1352511451
804764022 987724018
957246527 1022136979
835541188 1090316856
657295675 1322087831
882679074 1096704432
547555272 875561940
492814640 1257084344
219015624 1181009298
543433327 960618835
837106957 840620045
480043189 1385498015
379662026 1010205620
751597438 1227786068
763808409 826667599
686116532 842923694
973829867 1005553639
737498498 1241885008
512618623 1306209617
761140758 1017696146
277009283 1217139251
130844053 989982813
648861235 1082024159
205158413 931377309
369654661 853353289
154692815 913188531
550083567 1307319837
605156919 1100702461
446833568 1225754572
857652412 1078177748
144364257 919459953
954080258 1025303248
477516025 1135391487
353215481 675368597
422070326 1093973282
710578859 990422507
466320346 1008503444
656250437 1089317759
674390609 899638171
947735718 1031647788
714289344 1193806458
662530500 1035280458
810280711 985490351
941164724 1038218782
405340363 830144389
488543605 887816845
546837492 1077041640
750602606 1228780900
155397256 995211466
610831487 1022787473
558087414 1119535528
862917743 1072512779
508394755 631678117
577098272 1121969438
541001089 573811035
723492757 1255890749
785909863 1193473643
815133585 1164249921
956299702 1039055974
408969610 975272976
425355507 677732945
631402392 862301060
834035017 1122082185
590228116 1395165442
414807588 744596882
850524826 925739528
438007535 1386710391
960118420 1019265086
127640655 954118363
358235877 768783021
628294466 1130704660
566170501 813170075
983484922 995898584
255557815 1249817673
577359830 1213833252
331302972 771890238
709775235 1200351693
629342586 1350040920
508917985 739272811
75449118 933476488
544688212 1012275790
382068867 731185203
443252074 1296898622
178466698 1085199328
358339053 1005233191
537229220 744024026
601410019 1324754417
561387108 1224032498
647726775 1331656731
258660857 823177091
849974660 1129408846
616429560 858805672
789578577 1102734819
730135766 809435234
368049073 918191729
382711169 961397963
695618345 1030049579
377011252 828826002
209314630 934392992
308683366 704010364
459416302 1197042586
371688598 1210119212
529201246 1267751508
690783436 1288600070
809909148 911218206
831720286 1138692690
626449366 1172042796
566046453 894372683
672932469 965620157
514132205 611186263
702939272 1088435658
307858304 878231586
694915186 1284468320
529167933 1450215573
752023304 835935374
437887502 1100283326
874242419 1105141087
808014358 1132553578
156545459 863823857
853849092 922949274
497399859 661876615
803349018 1042487466
300395464 1122639666
367975528 821247002
445295463 1092115465
780529978 998665446
355564575 671235037
687200834 941212858
252407962 832554852
782351542 913405462
369968798 1241372736
550025823 837564601
448687189 1363294931
87356903 1081217729
627163761 1352219745
554564622 1125869918
613515398 899668718
719268542 1260114964
714620425 1264763081
568001722 1060079782
715252462 776825952
472264299 969386345
452253456 1187931284
583910290 1263065166
738486656 1240896850
986378131 993005375
439495693 842967625
121886391 1079698157
585937036 864081676
447368046 1350861438
773411415 1205972091
658187205 680244115
206341357 1045328993
866796775 869223885
659761026 737215752
164001493 976180279
503922836 761514114
464673156 911461722
208432411 813774973
453119172 615108760
569906167 759475145
460020727 783354935
314421491 1139493377
327544541 771386161
180212044 1053050350
790239146 1132792768
854318612 1125064894
659777621 759512983
544971043 1434412463
680113117 932170869
642929307 1055118299
843521391 896454695
486816021 1285922237
233165778 897957934
504192470 747252842
736720715 1259132843
296407957 734172657
564543963 1414839543
367610197 1212829271
386703682 1038913054
520949063 1204879019
706540070 1272843436
524277272 924645906
495389953 1483993553
671226605 1207096211
829161284 1150222222
941727708 1030390988
765902801 1213480705
600787691 1378595815
469020751 1195950661
942103116 1037280390
215700852 1079901676
783597257 1195786249
620861805 655276859
626550914 834548202
475029714 626541756
491458709 824583651
680700635 1298682871
728485689 1250897817
783713760 1195669746
524791699 1454591807
906339742 917280912
730569964 752300890
691108094 699673360
610739647 1368643859
371308094 1257401634
529433212 911545742
211573368 931989388
351016282 1255167586
771928637 857422505
466558289 871091929
181675025 1000061749
178923452 1115465718
503313576 911349442
493496292 1457959902
706173556 722321998
514943945 991132575
536325438 1443058068
646722167 1332661339
622879851 942919585
704337945 1214096005
537131005 560755401
315416708 1029420804
581671949 631407813
489636150 594429212
603686616 1389969766
650486371 1184219193
521975078 1445780540
256409517 1163560307
512076880 552719492
716992789 850045393
450057613 780925169
571352696 1142185150
583499737 1395883769
102036111 908630075
766627499 1109491251
768489009 1034755995
522517985 1197041639
461799696 863132602
198091390 881552234
358533955 1234199127
94628649 1043532823
317460038 1249338630
532539172 1086814460
715494199 1087381747
786788118 1156191532
154140164 905336556
891189461 1088194045
695014159 1024385675
569577465 1078906591
558850914 994044168
690655189 826571417
964092429 1015291077
551859167 1427524339
617324966 1362058540
487835858 1043645576
853472644 857983944
342166675 921794549
816029898 1172221598
781418284 1026305926
414055231 1166530547
305386176 830884880
797559102 1181824404
415019178 1006329308
210772266 950112684
397415637 613320931
440305672 928862644
256029249 1087745801
681401489 1297982017
708937008 983896830
766854847 1174418627
660334385 726644273
520779994 1412302674
551390182 582926346
476138648 941327552
807483734 1171899772
222339744 821078720
626836383 1352547123
854128884 929822824
566272235 1222392781
768524791 865936089
638313306 1069159614
639738407 1183635557
713732690 836159488
676372990 1265741552
554695831 1369076011
592826035 970906889
364685281 952562913
878587482 940980244
479256077 1199045521
637981903 1266242415
584401833 1189558835
822476136 1156907370
319424653 1064158227
539457797 1444115487
586995906 714296366
512943303 912855535
521926810 1196933852
492096660 1332555042
726564944 865624924
880264692 1005937952
816200869 1163182637
421900481 654442279
542656778 740142098
250773959 972812123
282642056 873284548
584739661 1320624249
728399386 947515376
744403524 1234979982
565836690 605705838
453280039 1370842381
252907948 1231589782
672343554 830826140
732370190 1080052654
256911580 1146744316
866951243 1072435253
841066011 853479673
778682800 957765004
594140379 1385243127
527830216 714531070
561662933 1216964195
657443706 687052658
475244782 1277853988
478410886 1369037704
521846636 629534960
792028254 1187355252
54987599 1041557583
499097912 822061084
259365612 913524528
403323899 1375407251
300926821 959837913
319471613 1122536325
302404615 704990447
13802692 1001919176
350864226 1152192732
705411882 1273971624
562868479 1416515027
905737650 963564950
411942370 735890374
719641988 930670204
725061686 1254321820
811595903 1167787603
966602361 1012781145
457160971 720937313
573455294 1074942538
861240492 1118143014
73492269 968740785
389876451 739234351
336745321 1246021733
865544585 980327723
384336963 1164681865
760230765 1219152741
728294384 1251089122
680069939 1299313567
833337384 1146046122
180572237 1033643479
425057049 608220911
721756950 1257626556
804355754 1086740498
268954263 773340773
762538908 1098086362
720030965 891785981
469418217 886766921
318436783 1008158459
650585460 1346732670
182907165 1024875299
707649819 1103478533
402940216 903300348
597179026 1062107910
674897471 1291477999
533629071 1445754435
727194547 1252188959
627555707 1351827799
352826938 773653312
871148828 913209738
353991807 792501953
299957788 781301684
964823821 1014559685
633125470 1157763474
348418367 777985865
398400797 1064073839
341207542 748104016
478429398 941212288
584792571 1148369959
697180675 1265740417
676708953 881455899
389667153 930971427
762500902 873701310
573790710 1405592796
179078343 852471733
614320535 631086507
230053902 1107836834
664439975 1017318949
724920078 1098485752
408417441 1272103777
562547245 696546337
866427089 1112956417
781923930 1197459576
530300555 1216239727
462697787 1312993367
41556930 1032948042
672348672 723547320
797300547 1182082959
911288172 1068095334
825005995 1154377511
207100719 880746827
417128758 785188072
872405947 1039080649
220282739 818260275
707433636 1271949870
353085884 867585254
442221498 1393949336
518793318 706506742
568466454 610792022
557422811 564050055
777335206 1138431094
350714660 1174490634
222246954 1084157514
706174116 1273209390
827422143 1151961363
235423025 1100837487
511923995 595296321
324365028 1176544870
215561018 923818794
231202849 770259693
321650555 1086180605
503853618 1492457218
602600882 750011108
307570832 1273757108
605410266 1267972716
709830380 891867412
571249770 995116118
431957135 890879111
567056700 703822734
79425883 949212763
847585517 989974135
143943168 1028171192
546198848 1448594736
658493841 1320889665
716265794 944761742
533166922 1446216584
361412608 903804244
728349524 1057455812
85410425 938490217
650219997 992246019
463391546 558568820
453340693 1070906903
552032986 698603840
249544436 1103699088
60362973 973412635
352081072 1205952148
557257963 695357709
395212024 866705918
568373944 1079233614
449351554 972146292
546326669 1433056837
715117970 1113524712
862303919 1117079587
532949663 1421582413
316537013 1125157157
96071588 1043505554
596550178 1382833328
727417311 1028140011
492366825 1117264897
744636157 1234747349
398864435 1124575175
590138645 1389244861
610443895 1368939611
802137988 1177245518
683069857 838644621
480720100 724976746
270612358 848265474
522721917 1456661589
347550142 919690492
788227827 855266805
372271137 1243819259
776321877 879705543
437954615 675624195
527627405 733053301
591848298 736002014
671270278 1308113228
497366423 1482017083
172767641 919473365
710927472 1126463118
172090969 1003538017
74423565 1044757495
422750604 585471844
843592384 1039872216
211156363 1195807023
652656154 1326727352
131776248 1048475832
588387150 1390996356
670307920 1229797650
447278665 1368326305
612543029 1366840477
712159395 1179779669
622947977 1006281057
939477701 973646665
702012224 1277371282
152424255 1022980155
633280763 749835851
493849022 1485534484
426425396 1156158558
524820759 1223009485
915986640 1063396866
797766894 1026565856
523943385 1210153011
285333888 1022852074
657002794 1043191876
874073441 1051798495
716329082 913333666
645852626 1094723128
501383810 831063904
287459192 1120526124
688427096 1067335368
289648144 999489390
461873438 690182840
694820135 1288992257
732442068 1246941438
597455969 683238409
699002547 1280380959
559069005 1385161813
478856332 690830370
326992816 1255046516
248233414 856248164
239989857 859233485
292210122 854249934
646311957 777688671
319752650 1299662674
592896256 1386487250
795523219 800436119
262078961 787073373
719337128 990083410
270360196 791664486
93967022 1055811640
377675320 1055280660
792427397 915784977
466145923 1324589195
425703743 732274271
786586608 801015108
688028705 819879607
586715691 1366824457
124087796 979524574
153926483 878198575
167041615 908184609
196318206 1013398904
490037393 549184059
622621104 895977352
705213558 963041034
451724494 1323651164
687113252 1292270254
89635171 1074044865
882810069 992308087
789025300 1190358206
469368983 839518217
319525534 703790836
392378752 1181123038
504131275 942232255
531372046 1448011460
286609589 1003754491
888547024 1090836482
737347919 991348981
501561146 1076920204
936067728 1000716424
826829581 982251543
743122545 859594613
695007472 1284376034
426213093 998564781
728183163 1137333065
450041836 1345219300
589536136 925586366
550747287 1123012891
491970370 843308714
831543713 1168158351
910450460 1068933046
534574091 1082506721
781017401 1198366105
874533916 893516396
359742809 1038365391
277972125 1268502965
579297832 1400085674
457593345 746702801
677940631 1003719847
916622479 1034865019
757316485 970006327
512186710 977239584
608676395 1357906595
410176454 1111712002
559720630 785794484
803747979 1175635527
511695626 993722424
290633100 1119291590
611178124 639882550
680490635 1247525909
748678354 1230705152
748842608 914494612
365779718 914760676
823140740 1156242766
549799046 783326868
247138856 1034449562
341392417 1004051233
462581430 1301512800
662412657 878221883
717630252 746743324
560011332 1015478826
599963756 602873154
114595993 996443343
570158954 637362434
644469820 848603884
282946930 897982280
265876039 799799347
751152380 1139746340
625743986 1039966408
555348702 1381123322
661483314 1114480518
732721810 1246661696
172448895 848484483
521917896 731089624
704643152 994563550
714022984 1265360522
794297997 826021769
348777928 826956222
663833666 957775238
834971418 906194408
236412643 881087599
436410188 618812288
921733639 1057649867
627097195 1352286311
707903059 1271480447
580944443 916247351
446860733 1265955857
218895335 785367775
457077466 1248180214
283018070 880834704
757097301 1222286205
868685747 1104717315
370230419 649664605
407487007 837032867
527789022 1451594484
698979288 1280404218
865318006 1114065500
145682021 866380355
504597007 1325384849
983819579 1000673257
598269430 657897080
583250679 1093301257
573314001 1118659597
599759828 1379623678
480887954 707426866
634771130 1344612376
207878487 865281267
774181024 964189062
366340711 1080061129
157616694 1031123902
287779629 724339481
644695468 922628908
374706114 1157689744
489888497 522730779
307716725 1032772709
670246029 1309137477
62762497 1009906429
980200513 999182993
634824015 1151997273
767770943 1211612563
495453867 646537835
668086819 1164635909
520865174 1165809830
741918982 1237464524
343911715 1017982913
162616681 1024602069
694907092 1110537484
381490332 1254023630
331500302 1056689418
831856522 1147526984
769417405 926508793
534416291 687245607
676477396 774870818
413993695 1285269805
880624019 1098759487
562216695 686576937
189696382 1026306378
436106153 1245252907
800003093 861532539
221399621 1031716251
553125081 699141371
518761327 984165847
428648501 1032799043
471030134 790398892
598597429 785013779
973270612 1006112894
721505087 978407609
784418181 1194965325
299984879 1229784987
559057408 1242830472
547184885 699423893
570895521 1408487985
379573305 976293113
529155250 1287362490
864587667 1114795839
576663551 957967057
804635395 1174748111
746325297 1067882257
748621220 1189222768
762477130 1216906376
455311511 822191873
364875863 1066038135
538659760 1370461846
546627619 1220004575
369495436 823924682
631819092 1347564414
563601832 1415781674
608238595 954767367
616516683 950459231
635562865 1343820641
638879244 964355424
148576135 1113469373
693202376 1125763052
530705962 1434321022
330463782 871310204
696216794 1283166712
451537537 756120303
743873145 1235510361
115150058 1102731170
102594848 972082742
338985594 1126946838
790055133 1189328373
569916121 626936249
586503906 921158454
503196142 996428988
527723313 1047723801
512403788 1044801780
703558951 1275824555
371653758 1132186892
418303831 1330429195
933248164 978973522
902654076 1076699766
505386636 1269306692
534272428 736561886
946716747 1032666759
645089827 998508739
557733654 1147355684
253947352 1165227562
691868841 1305286141
861414059 1117969447
369239598 733655636
502899419 933694533
763056016 1216327490
395484733 1392651617
499152878 950864936
754235814 1106679030
173310498 902753100
316021050 1249960722
563485428 1280946036
800651326 1178732180
373444052 672101230
563990573 757007453
715725438 1263658068
970202208 1009181298
291246879 1267413697
414975907 709231949
305785029 966221633
538956189 1125906107
803124068 824664328
826802145 1152581361
485478894 986868480
680908648 1298474858
660754022 1318629484
395616408 1183422440
362163395 1311718937
463501561 802808203
426204905 1063047855
531745009 1447638497
743285089 1055993827
326611806 1223402960
954602676 1000781460
564455748 1384812564
715244190 1244504324
537972586 1441410920
825528638 1153854868
317218827 805708483
688389462 1122389830
254108802 835533732
344047440 1279444792
725882027 976090199
497514127 957654475
678115118 1161263618
660448162 1325504552
401233504 1181097354
837400370 1141983136
717256170 1262127336
219655117 917034707
473229756 1061770102
633031317 656430909
242297714 1089871516
526461678 684830392
611073618 1368309888
137843258 1029415844
918887965 978762041
457648927 939436113
690369134 1124158766
399907780 1128868230
724589679 1254793827
277912921 1167354341
827717751 1151665755
409029292 1027011528
724179062 1035822104
24806856 1016492318
787424933 1191958573
781515435 930007155
704466196 908425708
203711501 1052354489
445115471 1304773799
599007421 1297716489
580498391 1398885115
823129282 1156254224
352542551 1172705951
820038432 1159345074
522720177 841900795
71476189 1023845177
574153320 949260850
843285230 937020440
523748809 1067538679
573833477 1405550029
318905064 709952418
539008029 1120386441
695515121 1074371093
151817038 1054273264
396863493 729965519
602588004 665590484
166421134 1083060548
477894946 1283481536
571840972 1210732420
373894440 1070232626
276536074 766647266
570011075 902757859
761721098 847671110
612231848 905463390
232818725 961648723
739763294 804653746
973923671 1005459835
546992507 1263492781
822040299 1157343207
323631519 1159129021
525664903 1453718603
454907968 796496730
502504429 994141645
223864310 1036248342
511627942 941403896
557108716 912996844
581151404 1398232102
683494290 1289707002
360634241 695707865
463789806 759630898
341792714 1238266616
310146519 1035157575
561973364 1417410142
363945768 1141753892
707529147 1143179569
394320654 1104545210
599540607 846069935
634512111 673491201
590635687 692469855
232574075 1216076119
345289116 1061034438
908331133 1071052373
501088107 716922951
755108659 1139891071
281389438 833096718
677242717 1302140789
292930777 1185462925
341125733 843039995
873420854 1105962652
705228400 1232612364
154849840 992442304
716680516 1039748200
571676445 1347984171
610714784 822747318
646122436 1027603130
169409444 1090902742
308979534 1288914756
932300184 1047083322
140556791 982322547
624825172 1354558334
572035156 1071548252
83306948 933432886
455855390 724655852
474043071 1412424321
235004360 1092481300
794077028 914549522
537884223 1441499283
922368573 940764147
521925952 1457457554
872118761 1059392103
678732873 892758231
227183587 986226683
533625057 912099025
418245458 896442186
280913103 1133624323
584533438 1394850068
259270939 940098099
550105203 771833297
596656500 806508868
753236903 896148761
788708978 1190674528
328906793 1232345127
934942744 1044440762
486859487 807920425
777758579 1201624927
369767673 1075696855
608617197 1295091627
534188992 1219006022
643095369 1013208085
505036316 839888402
631119302 1348264204
346168094 1258654992
506598615 1472784891
868732360 1110651146
549446963 1261729837
613424173 975542545
838669522 1101498002
422037495 1308767663
356080513 906303643
94815340 1010469294
595755085 1397660971
378004198 1063720286
234655650 932545150
703621578 1275761928
394863426 1060321682
475659948 1258232724
34505538 975500918
870122529 1109260977
781003645 1131154383
508878307 1384046593
660236207 1319147299
416292892 727269774
535053547 1444329959
